0 0 22.0 8.48528137423857 8.48528137423857 0
6.123233995736766e-17 1.0 21.0 8.48528137423857 8.48528137423857 0
1.2246467991473532e-16 2.0 20.0 8.48528137423857 8.48528137423857 0
1.8369701987210297e-16 3.0 19.0 8.48528137423857 8.48528137423857 0
2.4492935982947064e-16 4.0 18.0 8.48528137423857 8.48528137423857 0
3.061616997868383e-16 5.0 17.0 24.041630560342615 8.48528137423857 15.109318291970267
3.885780586188048e-16 5.965430250992645 16.095439653601495 39.171869294175885 9.331339215782481 6.669891322569742
0.08629910707153551 6.954905827783842 15.164784019144037 37.85655800243059 9.930733750369233 0.6909308400668963
0.21168187328330526 7.946940982941809 14.172172038964176 37.581344487143724 10.18840812604737 0
0.3410605935661495 8.938536236428822 13.172172073947305 21.422931747144894 10.400615259631726 0
0.47043931384899373 9.930131489915835 12.17217210893043 19.796553737699114 10.612822393216078 0
0.599818034131838 10.921726743402848 11.172172143913558 18.170175728253326 10.82502952680043 10.861944039901193
0.7268788173744135 11.895556669160637 10.294791520694014 18.08644575376312 12.040437087964332 20.88435864782793
0.9057132325926611 12.812583470825153 9.652547499045726 32.69398884634899 10.324176049390061 33.53375588422717
1.1613529683888268 13.605975831248852 9.548875223232159 30.0820437770562 8.755868950431386 40
1.5265330738960923 14.27937584563493 10.205485769027574 28.54861302972284 7.74099025135885 40
2.02751667132566 14.858892475197873 11.925290034873564 28.262610902742516 7.215146828093895 17.89730664058447
2.7896509045582993 15.428726500087274 12.794231117296135 22.290937940078603 6.775247967767082 16.59175
3.611943939754875 15.920961349616562 14.148942942608453 17.689708452936173 6.451192963745853 19.176210454509583
4.464848700068984 16.326742038637285 27.032147969483052 14.515078293389049 6.303644091331166 11.259476494138948
5.391288315372692 16.64858996213679 25.52815293839149 13.470653047713917 6.153016291605413 8.654941037736581
6.344287286786591 16.91154948051559 24.234706305715562 12.881778327975553 6.02998385469439 7.186434705389034
7.312724328965485 17.127141922838582 23.04867141209919 12.476247477448563 5.937035238031907 6.175142146887354
8.291330285972977 17.302525785970722 21.927666690885648 12.163614238730009 5.873641569396252 5.39551300783296
9.276953434633645 17.44290136261138 20.84940720065441 11.906293477642043 5.838488210128564 4.753819359869845
10.267476823216846 17.552424012850373 19.79988641808176 11.682889884573932 5.829242560420992 4.196706649656242
11.261403863530326 17.63460429376345 18.770305368663262 11.482869239646558 5.844145966929104 3.6979051663686033
12.257638097677669 17.692549436531575 17.754241404482197 11.299662167060367 5.880458773560612 3.2410325291067896
13.25537005155133 17.729081194882173 16.747282422639262 11.12996227771757 5.935700745292679 2.817843430058192
14.254003558278814 17.746810628016984 15.746011872790138 10.970484840885762 22.29828405781637 0
15.254002627820517 17.748174781867338 14.746011823249827 10.972416659004798 20.88216133781431 0
16.25400169736222 17.74953893571769 13.746011773709515 10.974348477123835 19.46603861781225 0
17.254000766903925 17.750903089568045 12.746011724169202 10.976280295242871 18.04991589781019 0
18.25399983644563 17.752267243418398 11.74601167462889 10.978212113361906 16.63379317780813 -0.16488181561030846
19.25399476532746 17.75363139162025 10.746033657818797 10.990656593472597 15.232901502795745 -17.58513083688311
20.207261297847737 17.755846211841646 9.845150979169514 12.30112153788402 15.531935624780392 -14.114619042128522
21.17191116024249 17.85575487072387 8.980630802046182 10.702163934724979 15.615920507985981 -21.466974029434006
22.086731771067203 18.026555835966036 8.301111196002875 8.914463283033646 17.185485011640523 -40
22.81698900058859 18.257961254150686 8.290457194981215 7.437984270198303 27.671501853616057 -40
23.480705303304426 18.64045930426687 8.818070014635317 6.526399757272027 31.393698078278522 -40
24.04705252792985 19.156283799606655 10.301508588690188 6.039255117681597 31.29100025525795 -40
24.48972510106087 19.78147583556923 14.144317339423294 5.946069830575295 17.27064787160402 -18.131178129812515
24.859962551796603 20.656737375153632 17.60628365701381 5.822878191391386 14.59982106864255 -11.470803789927356
25.14607557235258 21.59406903043873 21.298388616768044 5.712944278964445 13.551125247365817 -8.855618585618508
25.371259336305435 22.55614656867517 26.057631130995734 5.634745388347224 12.926087552963363 -7.296930835202387
25.54745628944019 23.532272953308507 26.715253679688917 5.589546124435943 12.484901017881837 -6.196721913342832
25.682475221957752 24.517218794241487 25.611359097498642 5.57582180295828 12.140843104790294 -5.338727492570794
25.78211816795645 25.50788229515332 24.55091999196005 5.591553040483767 11.853882714608199 -4.623120019554196
25.851063221379594 26.5022414033666 23.518851295451654 5.634020417889529 11.604796347764264 -4.001960892237133
25.89330241336529 27.498908409345777 22.50519199089331 5.699892465052681 11.382003070614475 -3.446370157344848
25.912356195758964 28.496918044244403 21.503091658183646 5.786295673459028 11.179136223179043 -2.9404709565527383
25.911407487842762 29.495600965271873 20.507739770335746 5.889495450768364 10.991619545365763 -2.4728512412558725
25.89337502558467 30.4945069934549 19.51575626878162 6.005652832132084 10.818082390761033 -2.0400929619603256
25.86096851917392 31.49334759266982 18.52482617596751 6.131094452301559 10.65562332189807 -1.6349606589833103
25.816701739438763 32.49195983047074 17.533418100118567 6.262068035190445 10.504800410648585 -1.2588460240549093
25.762930720344812 33.49027142009955 16.54062711177238 6.394752730469787 10.364361921734435 -0.9086275423252477
25.70184336421811 34.48827786428727 15.54599993229311 6.525992225865371 10.235486406068393 -0.5872442251330551
25.63547658056293 35.48602051879682 14.549443756406632 6.652742359651537 10.116671194235732 -0.29094879062535595
25.565698742186147 36.48357015027555 13.551080404532279 6.772499702592139 10.00983885733968 -0.024535650490827926
