22.0 8.48528137423857 8.48528137423857 0
21.0 8.48528137423857 8.48528137423857 0
20.0 8.48528137423857 8.48528137423857 0
19.0 8.48528137423857 8.48528137423857 0
18.0 8.48528137423857 8.48528137423857 0
17.0 24.041630560342615 8.48528137423857 19.999999999999996
16.16570869686863 38.308423734212816 9.64832180433468 19.999999999999996
15.530463105019981 35.21312385170493 11.554520006149072 19.428848271475754
15.06890619239884 32.894300240373866 14.660063413533004 0
14.06890603813872 32.52508733941825 14.702032149538748 0
13.068905883878603 32.15587443846263 13.65703018722406 0
12.068905729618486 31.786661537507012 12.612028224909368 0
11.068905575358368 31.41744863655139 11.567026262594677 40
11.433942398506709 28.85038738562976 9.976750716225624 40
12.643236095549858 27.69019827053035 9.064421496696076 19.999999999999996
13.260701768212847 27.16908041665973 8.432325158363472 19.999999999999996
14.427640486008652 19.740368477709417 7.978367479062074 17.81250337035695
28.586047013617964 15.149846405266846 7.662111742564545 19.026258235599077
26.34654285047484 12.464330941506656 7.525388259427372 19.829925997038334
24.520735739472357 10.672027467011377 7.600128218363372 0
23.520726920870008 11.147370428683395 7.315871300269663 0
22.52071810226766 11.622713390355424 7.031614382175953 0
21.520709283665315 12.09805635202745 6.747357464082242 19.940830462925497
20.13517287712035 10.59833163719948 7.0014884960930726 0
19.13517296492544 10.815833695754042 6.835146143252356 0
18.135173052730536 11.033335754308597 6.668803790411637 0
17.13517314053563 11.250837812863157 6.502461437570921 0
16.135173228340722 11.468339871417717 6.336119084730203 0
15.135173316145817 11.685841929972273 24.696354757262718 -19.587314825094115
14.49987685645002 14.0298482707866 27.323134380501525 0
13.499875104101347 14.500006472780717 25.438760979909127 0
12.499873351752674 14.14740001539008 23.554387579316728 0
11.499871599404 13.015594563570515 21.670014178724323 -1.4210854715202004e-13
10.499869847055326 11.883789111750952 19.785640778131913 -40
10.542215282401372 9.965876381318383 29.580754740145284 -40
11.23054998816374 8.81038845518843 31.46912220689372 -40
13.002953143687916 8.207485171148194 30.9796526400106 -19.999999999999996
14.157167862172386 7.759816865310418 20.190318656076517 -19.999999999999996
16.251304001844552 7.485532304780555 14.982312020021805 -19.074738294483478
19.916508053692187 7.374164903679473 12.422942500109144 -19.84245799494816
28.1307446125218 7.476804729548207 10.68486462524791 0
27.130734817171135 7.211014468022596 11.1107409068615 0
26.130725021820467 6.945224206496983 11.536617188475084 0
25.130715226469803 6.67943394497137 11.962493470088676 0
24.13070543111914 6.413643683445758 12.388369751702268 -19.85348350526176
22.874725824618057 6.678630495606872 10.88461357093724 0
21.87472579045741 6.533353419527788 11.067453386332726 0
20.874725756296765 6.388076343448698 11.250293201728224 0
19.874725722136123 6.242799267369609 11.433133017123712 0
18.874725687975477 6.09752219129052 11.615972832519196 0
17.874725653814835 5.952245115211432 11.798812647914696 0
16.874725619654196 5.806968039132341 11.981652463310185 0
15.874725585493554 5.661690963053254 12.164492278705675 -19.923027693332386
14.837654526504343 6.116625367071763 10.85464789384959 0
13.837654526504341 6.116404027798089 10.854869299535 0
